330
2465
4735
3879
3430
13
956
4000
3173
2524
2073
261
5139
3953
5601
1965
761
1739
1198
6104
2362
3181
4437
3616
3406
2026
4400
2986
235
664
1561
2108
2378
253
1504
1036
4028
1227
6017
2535
3212
867
2441
1856
5053
1161
1298
3256
485
1221
5837
565
630
3125
2023
5845
4802
5000
2908
4607
796
3513
5686
727
395
3624
984
1171
4944
3773
1508
2418
2636
2829
3466
5204
771
2617
3771
5479
1172
991
5438
1209
4894
4634
888
1962
183
1731
1657
2401
916
573
1561
2127
189
2919
5035
6078
3973
5702
4425
1586
3494
6071
5325
558
5818
3645
2454
1659
444
4404
1893
4951
4015
3598
5536
6029
3926
1175
6029
3359
4812
3174
2839
4987
1536
1152
1205
1569
5100
4518
3222
5023
4310
2839
443
600
2992
6042
4236
1012
3222
941
4714
701
3562
1061
4401
1335
4953
3698
1661
3027
2547
4025
5810
1406
4520
3724
4115
3682
3347
2987
5973
5583
5829
4575
3249
254
98
2205
364
3793
2721
3978
3035
814
4767
916
5683
4123
5665
5829
1855
5795
1092
4042
300
6076
6
4272
570
364
4417
436
1688
2354
1301
5078
79
857
4676
889
3943
1697
312
1647
4853
2947
1863
3963
5131
2000
5484
4884
3198
368
2985
3901
1771
2589
4114
5584
4553
4931
2574
2262
5900
5154
4613
5741
3647
2128
1949
4150
1917
5875
4874
1432
1699
2984
361
477
524
2691
2978
3196
785
4027
212
2797
3138
3385
4121
1681
5930
3833
5522
2523
3115
4582
842
3221
2699
2190
2335
2036
6016
3902
5103
4260
296
5309
5080
1363
3112
2771
3123
1699
5823
4250
2971
4071
4449
21
2088
3882
3283
646
484
4564
1754
3616
998
4816
3216
386
5673
3739
4283
5982
5811
2424
5633
5401
4914
292
101
1309
2334
3294
2905
4315
1844
7
1624
1915
3777
5837
27
3489
4714
4766
4034
4181
3782
3247
2890
1381
3786
3615
6026
558
421
1808
937
19
526
3983
4041
2642
1597
864
239
5211
3853
146
3314
5585
1930
2957
3587
1499
1430
261
1277
3365
4527
4753
5184
3005
4063
1455
5094
6005
1901
3881
4577
6037
797
4291
2541
2721
2650
2591
1365
5879
3918
247
5554
4595
1291
4103
1368
1927
155
4654
5111
3413
4454
4309
793
169
2228
2812
3664
1068
4436
871
1367
2355
5522
5280
2988
108
1156
1173
1623
127
228
1418
3253
3932
4785
3457
5737
4562
2608
101
3868
4189
118
1675
4354
2869
5833
2546
2677
1308
4950
2116
4579
421
5386
1416
853
4678
4106
5857
4234
1577
4529
5392
793
1318
4963
3534
3362
1100
1343
3795
2431
1450
690
5178
3612
2819
4137
2155
4983
2614
412
5053
5671
4020
5546
3069
3374
5772
3265
475
1511
158
2481
3152
1632
1552
2623
1653
4262
3004
1405
3441
2724
1302
3639
2777
487
2208
3462
5380
2637
1351
4820
114
4692
4037
2858
5784
5552
4317
207
5688
4957
5029
4412
5196
2555
3762
2782
5723
231
1184
3850
1279
1855
4637
5550
4268
1739
4548
901
4944
5762
2034
3748
5224
4711
4368
3858
1967
3188
2019
5217
4515
5395
3597
597
4633
5964
4675
2325
6042
522
5777
923
4684
315
357
5721
1375
5580
2168
154
5474
5721
602
865
5956
2817
1851
3865
5764
855
4344
5653
5293
5989
4893
4596
688
5541
3012
95
3176
5251
4144
5978
5357
793
230
231
5142
6079
3033
452
724
1874
1678
5302
2742
4096
4496
5917
4779
5159
821
2472
3201
6025
3475
2710
1759
1409
5836
4198
1689
3856
4600
34
196
5822
1294
3510
6068
3944
1204
5370
3639
831
5144
5029
1637
4817
4692
1179
5428
5381
5039
1743
5847
1057
2283
2836
4736
5599
637
4392
3058
5775
5609
2367
5886
854
6034
2416
4386
1375
3217
5610
5661
1973
4281
2561
4540
5221
5987
1506
3460
4476
318
3834
4008
2330
2862
2461
3637
3381
3263
5227
2268
2420
3260
5578
3059
54
1706
3140
4618
2899
5804
2732
4363
235
296
3153
849
4563
6097
5065
2903
4683
1595
1266
4485
2152
2724
3246
5148
4325
4107
5393
3651
5174
5763
1751
3666
4447
2401
5858
1314
5567
5416
3632
3404
487
558
2481
6008
500
4657
5824
4703
334
2518
1558
196
515
1856
1019
3468
265
1037
5592
1880
1582
5251
4610
5958
3939
2857
2979
4714
1091
5954
2477
123
139
761
2098
4827
4736
1113
3210
1466
5982
3974
4054
911
3298
5079
4857
2395
6000
5701
4531
3741
5790
2887
4683
5649
2583
189
2412
1272
5905
2886
1244
3146
2631
4175
1451
29
5060
3947
692
6047
3619
2225
1483
780
4070
3151
3402
3994
6045
5504
2800
670
1773
1194
2185
3290
2221
4848
2524
1634
2505
608
4033
1313
3075
3800
5177
3873
3593
5333
4846
2743
2311
2776
5225
4451
1750
1094
5777
3804
2776
353
2135
1006
5106
1739
4464
1910
3006
3195
3304
5676
5231
5949
2539
4450
2956
3568
1611
1699
2541
3036
941
3223
2282
2041
5786
3814
3051
1730
1754
1117
155
1584
591
2570
12
1323
3440
2390
3489
4139
5393
5857
5155
2960
4108
791
1246
948
2660
2775
2848
3213
708
4204
3815
5622
1230
2342
4578
5235
1955
88
532
260
1128
208
4854
5553
2221
1688
3606
3437
2622
6070
5343
3014
3123
2470
5669
5066
2198
6081
5975
168
1481
1167
1693
2797
3958
2712
2458
1108
4693
4812
5817
151
3219
5156
1848
5765
2909
2304
4424
2482
2581
1844
434
1574
3743
2898
3661
1560
138
932
1113
5038
6053
4888
1495
1011
4366
5778
3260
153
4184
2960
1468
1501
313
6075
960
4494
28
1535
1624
3238
1042
2720
4581
950
5851
504
4084
2243
173
1018
1656
4418
3795
5702
1382
5532
5258
1272
2425
2625
2072
3880
2658
1837
1853
1229
805
911
174
907
2372
5902
4398
3626
5676
1377
3213
5645
3678
5198
1755
623
5447
5647
1259
5912
1514
5690
877
2302
976
3225
5269
1205
2971
1405
4825
777
5371
2272
5144
2935
2073
129
1570
300
1739
2523
181
1558
1913
3
3021
1149
1341
4574
3691
5980
5064
4172
5992
939
5421
4132
4356
1984
5458
255
2370
4075
4428
813
2694
5592
3962
1036
2086
5874
3902
3905
5932
2781
3918
3416
2125
5174
5756
4048
3815
2703
3512
555
4273
2489
809
4975
4192
4969
3774
5140
5664
6104
5796
4211
3436
5746
3108
5827
1849
2515
522
3014
3715
3900
4874
4698
28
2606
4131
4657
3439
3501
540
1904
2951
507
2177
2137
5152
4218
2710
538
209
4410
203
2956
5955
3720
417
4913
1029
61
1447
4810
1993
3163
5339
37
5849
196
1528
192
2533
121
2121
5171
5257
2401
419
3662
1165
1883
3001
4754
3342
5501
1994
3909
4480
3528
943
801
4389
1084
458
1767
2706
2568
5860
716
3047
1714
321
5089
4973
3382
2421
2115
5375
2873
5273
1771
5945
6052
3465
633
3927
363
2152
2234
2956
1623
126
3576
701
4702
275
5576
4080
2559
5300
911
491
1535
5691
2835
411
4814
2357
813
334
4994
399
3100
4148
6004
1898
627
5111
5959
3051
3621
5833
671
4645
1597
2146
674
3415
3740
1413
1223
2812
5447
1781
1237
1115
2886
2581
5182
4343
4636
1675
5798
4871
2989
1302
2806
1181
2064
4747
1177
1786
1263
2936
987
4145
3902
3662
3500
2010
832
3180
1432
484
641
4426
1085
5737
2929
3456
3442
2971
4180
5192
5217
401
1340
545
4274
4557
4063
270
1507
2042
185
2191
3742
5446
2260
2473
5237
4471
3536
62
444
2208
1506
2320
5816
5237
544
876
48
114
4105
415
2364
2852
5532
1303
2104
5711
4516
3644
1534
4147
4260
128
5558
3175
1113
941
2820
113
3235
3411
2464
2419
5798
5290
3486
3020
2217
3143
5483
1194
5283
549
1852
3974
125
4062
1180
4716
1627
5683
1495
5206
2879
3127
444
2742
632
3787
4591
3167
307
3067
1875
896
4657
5570
4679
4972
770
3100
3011
1445
4947
1053
2790
1391
2059
1422
2014
489
3666
2428
3991
1147
903
192
4069
3870
1518
2005
3838
3239
2320
4898
286
3790
1361
5302
2109
110
591
673
222
2105
5041
4143
4348
4437
1682
4658
2737
868
2690
3962
4250
1185
2994
5157
4371
4271
3657
249
4445
1551
3296
3412
5511
4106
5170
1845
2294
591
3088
5809
5894
5706
4335
127
1890
4161
5499
3199
4617
1165
3329
4959
4031
15
101
147
5540
4778
5513
5474
1304
713
1674
781
496
1724
676
2825
5143
3583
4451
5569
5048
75
4527
4935
3194
5987
1251
2511
1600
3499
5659
5400
2319
5787
3012
907
2598
3086
3630
2161
2299
4642
2480
88
993
1793
5256
5278
5152
5976
66
1909
4726
3007
3051
4822
1319
461
2203
2360
5810
121
5428
2528
4132
2911
995
3476
701
5280
4800
5951
1905
3267
1260
70
3108
4928
1488
4561
4670
2072
4111
1836
1685
3014
4920
2686
252
1855
787
3316
2783
2490
2795
2384
3308
5280
1309
3547
4589
2942
5491
4698
2655
3668
3058
273
419
3192
4382
3771
2527
5711
1103
1155
5940
339
3030
3057
626
3948
1993
3341
1155
146
4416
3189
1122
5588
537
6058
4338
3719
1968
5016
4343
2335
3362
4889
5246
2142
2797
5225
3937
2026
5952
5923
650
2481
2673
4925
166
5496
5040
2279
4058
2997
1221
1084
5677
972
833
2575
137
2311
1716
4593
429
3443
2565
4105
3370
1130
4737
481
1337
1194
1249
2640
2200
371
5391
3834
4930
1621
2465
3377
5073
4763
3695
1764
1020
1597
5723
4202
4056
78
2897
6031
767
4997
5156
395